name: sdt
channels:
  - pytorch
  - conda-forge
  - defaults
dependencies:
  - _libgcc_mutex=0.1=main
  - _openmp_mutex=4.5=1_gnu
  - blas=1.0=mkl
  - bzip2=1.0.8=h7b6447c_0
  - ca-certificates=2022.3.29=h06a4308_1
  - certifi=2021.10.8=py37h06a4308_2
  - cudatoolkit=11.1.1=h6406543_8
  - ffmpeg=4.2.2=h20bf706_0
  - freetype=2.11.0=h70c0345_0
  - giflib=5.2.1=h7b6447c_0
  - gmp=6.2.1=h2531618_2
  - gnutls=3.6.15=he1e5248_0
  - intel-openmp=2021.4.0=h06a4308_3561
  - jpeg=9b=h024ee3a_2
  - lame=3.100=h7b6447c_0
  - lcms2=2.12=h3be6417_0
  - libedit=3.1.20210910=h7f8727e_0
  - libffi=3.2.1=hf484d3e_1007
  - libgcc-ng=9.3.0=h5101ec6_17
  - libgomp=9.3.0=h5101ec6_17
  - libidn2=2.3.2=h7f8727e_0
  - libopus=1.3.1=h7b6447c_0
  - libpng=1.6.37=hbc83047_0
  - libstdcxx-ng=9.3.0=hd4cf53a_17
  - libtasn1=4.16.0=h27cfd23_0
  - libtiff=4.2.0=h85742a9_0
  - libunistring=0.9.10=h27cfd23_0
  - libuv=1.40.0=h7b6447c_0
  - libvpx=1.7.0=h439df22_0
  - libwebp=1.2.0=h89dd481_0
  - libwebp-base=1.2.0=h27cfd23_0
  - lz4-c=1.9.3=h295c915_1
  - mkl=2021.4.0=h06a4308_640
  - mkl-service=2.4.0=py37h7f8727e_0
  - mkl_fft=1.3.1=py37hd3c417c_0
  - mkl_random=1.2.2=py37h51133e4_0
  - ncurses=6.3=h7f8727e_2
  - nettle=3.7.3=hbbd107a_1
  - ninja=1.10.2=py37hd09550d_3
  - numpy-base=1.21.5=py37hf524024_1
  - openh264=2.1.1=h4ff587b_0
  - openssl=1.0.2u=h7b6447c_0
  - pip=21.2.2=py37h06a4308_0
  - python=3.7.0=h6e4f718_3
  - pytorch=1.8.0=py3.7_cuda11.1_cudnn8.0.5_0
  - readline=7.0=h7b6447c_5
  - setuptools=61.2.0=py37h06a4308_0
  - six=1.16.0=pyhd3eb1b0_1
  - sqlite=3.33.0=h62c20be_0
  - tk=8.6.11=h1ccaba5_0
  - typing_extensions=4.1.1=pyh06a4308_0
  - wheel=0.37.1=pyhd3eb1b0_0
  - x264=1!157.20191217=h7b6447c_0
  - xz=5.2.5=h7b6447c_0
  - zlib=1.2.12=h7f8727e_2
  - zstd=1.4.9=haebb681_0
  - pip:
    - absl-py==0.11.0
    - appdirs==1.4.4
    - audioread==2.1.9
    - black==22.3.0
    - cachetools==4.2.4
    - cffi==1.15.0
    - charset-normalizer==2.0.12
    - click==8.1.3
    - cycler==0.11.0
    - dataclasses==0.6
    - decorator==4.4.2
    - docker-pycreds==0.4.0
    - ffmpeg-python==0.2.0
    - fonttools==4.33.3
    - future==0.18.2
    - gitdb==4.0.9
    - gitpython==3.1.27
    - google-auth==1.35.0
    - google-auth-oauthlib==0.4.6
    - grpcio==1.45.0
    - idna==3.3
    - imageio==2.18.0
    - imageio-ffmpeg==0.4.7
    - importlib-metadata==4.11.3
    - joblib==1.1.0
    - kiwisolver==1.4.2
    - librosa==0.8.0
    - llvmlite==0.38.0
    - markdown==3.3.6
    - matplotlib==3.5.1
    - moviepy==1.0.3
    - mypy-extensions==0.4.3
    - numba==0.55.1
    - numpy==1.19.4
    - oauthlib==3.2.0
    - opencv-python==4.4.0.46
    - packaging==21.3
    - pandas==1.1.4
    - pathspec==0.9.0
    - pathtools==0.1.2
    - pillow==9.1.0
    - platformdirs==2.5.2
    - pooch==1.6.0
    - proglog==0.1.9
    - promise==2.3
    - protobuf==3.20.1
    - psutil==5.9.1
    - pyasn1==0.4.8
    - pyasn1-modules==0.2.8
    - pycparser==2.21
    - pyparsing==3.0.8
    - python-dateutil==2.8.2
    - pytz==2022.1
    - pyyaml==6.0
    - requests==2.27.1
    - requests-oauthlib==1.3.1
    - resampy==0.2.2
    - rsa==4.8
    - scikit-learn==1.0.2
    - scipy==1.7.3
    - seaborn==0.11.2
    - sentry-sdk==1.5.12
    - setproctitle==1.2.3
    - shortuuid==1.0.9
    - smmap==5.0.0
    - soundfile==0.10.3.post1
    - tensorboard==2.9.0
    - tensorboard-data-server==0.6.1
    - tensorboard-plugin-wit==1.8.1
    - threadpoolctl==3.1.0
    - tomli==2.0.1
    - torch==1.7.0
    - torch-tb-profiler==0.4.0
    - torchaudio==0.7.0
    - torchvision==0.8.1
    - tqdm==4.53.0
    - typed-ast==1.5.3
    - urllib3==1.26.9
    - wandb==0.12.16
    - werkzeug==2.1.2
    - yacs==0.1.8
    - zipp==3.8.0
prefix: /home/mayifeng/anaconda3/envs/sdt
